5.0000E-01   3.2258E-03    3.2806E-03   7.9369E-05    3.6906E+01   8.9288E-01   4.2382E+01   8.9834E-01   
1.5000E+00   9.6774E-03    3.1178E-03   1.1308E-04    3.5074E+01   1.2721E+00   4.0539E+01   1.2806E+00   
2.5000E+00   1.6129E-02    2.8321E-03   1.3300E-04    3.1860E+01   1.4962E+00   3.7302E+01   1.5081E+00   
3.5000E+00   2.2581E-02    2.4803E-03   1.2469E-04    2.7903E+01   1.4027E+00   3.3309E+01   1.4167E+00   
4.5000E+00   2.9032E-02    2.1169E-03   1.0763E-04    2.3815E+01   1.2108E+00   2.9174E+01   1.2265E+00   
5.5000E+00   3.5484E-02    1.7949E-03   8.9355E-05    2.0192E+01   1.0052E+00   2.5498E+01   1.0223E+00   
6.5000E+00   4.1935E-02    1.5187E-03   6.6937E-05    1.7085E+01   7.5302E-01   2.2331E+01   7.6974E-01   
7.5000E+00   4.8387E-02    1.3054E-03   4.8945E-05    1.4685E+01   5.5062E-01   1.9871E+01   5.6609E-01   
8.5000E+00   5.4839E-02    1.1518E-03   3.6432E-05    1.2957E+01   4.0985E-01   1.8090E+01   4.2377E-01   
9.5000E+00   6.1290E-02    1.0341E-03   2.5577E-05    1.1633E+01   2.8773E-01   1.6717E+01   2.9920E-01   
1.0500E+01   6.7742E-02    9.4712E-04   1.9513E-05    1.0655E+01   2.1952E-01   1.5697E+01   2.2946E-01   
1.1500E+01   7.4194E-02    8.7864E-04   1.4885E-05    9.8845E+00   1.6745E-01   1.4890E+01   1.7590E-01   
1.2500E+01   8.0645E-02    8.2222E-04   1.1514E-05    9.2497E+00   1.2953E-01   1.4222E+01   1.3670E-01   
1.3500E+01   8.7097E-02    7.7758E-04   9.3155E-06    8.7476E+00   1.0480E-01   1.3691E+01   1.1107E-01   
1.4500E+01   9.3548E-02    7.3826E-04   7.5336E-06    8.3052E+00   8.4751E-02   1.3221E+01   9.0201E-02   
1.5500E+01   1.0000E-01    7.0625E-04   6.8269E-06    7.9451E+00   7.6801E-02   1.2837E+01   8.2048E-02   
1.6500E+01   1.0645E-01    6.7813E-04   6.2232E-06    7.6288E+00   7.0009E-02   1.2498E+01   7.5062E-02   
1.7500E+01   1.1290E-01    6.5221E-04   5.7006E-06    7.3372E+00   6.4130E-02   1.2185E+01   6.9007E-02   
1.8500E+01   1.1935E-01    6.2832E-04   5.1880E-06    7.0684E+00   5.8364E-02   1.1896E+01   6.3028E-02   
1.9500E+01   1.2581E-01    6.0473E-04   4.5390E-06    6.8030E+00   5.1062E-02   1.1608E+01   5.5354E-02   
2.0500E+01   1.3226E-01    5.8252E-04   4.1814E-06    6.5532E+00   4.7040E-02   1.1337E+01   5.1191E-02   
2.1500E+01   1.3871E-01    5.6122E-04   4.0710E-06    6.3136E+00   4.5798E-02   1.1076E+01   5.0039E-02   
2.2500E+01   1.4516E-01    5.4128E-04   4.0260E-06    6.0892E+00   4.5291E-02   1.0830E+01   4.9686E-02   
2.3500E+01   1.5161E-01    5.2264E-04   4.1741E-06    5.8796E+00   4.6957E-02   1.0600E+01   5.1722E-02   
2.4500E+01   1.5806E-01    5.0502E-04   4.3156E-06    5.6813E+00   4.8549E-02   1.0381E+01   5.3694E-02   
2.5500E+01   1.6452E-01    4.8734E-04   4.4331E-06    5.4824E+00   4.9871E-02   1.0160E+01   5.5397E-02   
2.6500E+01   1.7097E-01    4.7045E-04   4.4220E-06    5.2924E+00   4.9746E-02   9.9489E+00   5.5506E-02   
2.7500E+01   1.7742E-01    4.5404E-04   4.4582E-06    5.1078E+00   5.0153E-02   9.7425E+00   5.6220E-02   
2.8500E+01   1.8387E-01    4.3842E-04   4.3457E-06    4.9321E+00   4.8888E-02   9.5450E+00   5.5061E-02   
2.9500E+01   1.9032E-01    4.2297E-04   4.3196E-06    4.7583E+00   4.8594E-02   9.3488E+00   5.5004E-02   
3.0500E+01   1.9677E-01    4.0831E-04   4.0352E-06    4.5934E+00   4.5395E-02   9.1617E+00   5.1642E-02   
3.1500E+01   2.0323E-01    3.9407E-04   3.6734E-06    4.4332E+00   4.1325E-02   8.9789E+00   4.7259E-02   
3.2500E+01   2.0968E-01    3.8041E-04   3.1570E-06    4.2795E+00   3.5515E-02   8.8027E+00   4.0833E-02   
3.3500E+01   2.1613E-01    3.6757E-04   2.7232E-06    4.1351E+00   3.0635E-02   8.6362E+00   3.5411E-02   
3.4500E+01   2.2258E-01    3.5665E-04   2.4151E-06    4.0122E+00   2.7169E-02   8.4939E+00   3.1557E-02   
3.5500E+01   2.2903E-01    3.4627E-04   2.2874E-06    3.8954E+00   2.5733E-02   8.3579E+00   3.0033E-02   
3.6500E+01   2.3548E-01    3.3666E-04   2.3857E-06    3.7873E+00   2.6838E-02   8.2315E+00   3.1472E-02   
3.7500E+01   2.4194E-01    3.2687E-04   2.5867E-06    3.6772E+00   2.9100E-02   8.1020E+00   3.4296E-02   
3.8500E+01   2.4839E-01    3.1665E-04   2.6237E-06    3.5622E+00   2.9516E-02   7.9661E+00   3.4980E-02   
3.9500E+01   2.5484E-01    3.0620E-04   2.6586E-06    3.4447E+00   2.9909E-02   7.8264E+00   3.5660E-02   
4.0500E+01   2.6129E-01    2.9616E-04   2.5577E-06    3.3317E+00   2.8773E-02   7.6913E+00   3.4517E-02   
4.1500E+01   2.6774E-01    2.8685E-04   2.4710E-06    3.2270E+00   2.7798E-02   7.5653E+00   3.3548E-02   
4.2500E+01   2.7419E-01    2.7813E-04   2.4312E-06    3.1289E+00   2.7350E-02   7.4466E+00   3.3204E-02   
4.3500E+01   2.8065E-01    2.6939E-04   2.3946E-06    3.0306E+00   2.6939E-02   7.3268E+00   3.2909E-02   
4.4500E+01   2.8710E-01    2.6067E-04   2.4469E-06    2.9325E+00   2.7527E-02   7.2066E+00   3.3851E-02   
4.5500E+01   2.9355E-01    2.5191E-04   2.4984E-06    2.8339E+00   2.8106E-02   7.0850E+00   3.4806E-02   
4.6500E+01   3.0000E-01    2.4305E-04   2.5487E-06    2.7342E+00   2.8672E-02   6.9611E+00   3.5775E-02   
4.7500E+01   3.0645E-01    2.3519E-04   2.4875E-06    2.6458E+00   2.7984E-02   6.8504E+00   3.5163E-02   
4.8500E+01   3.1290E-01    2.2777E-04   2.3768E-06    2.5623E+00   2.6738E-02   6.7451E+00   3.3835E-02   
4.9500E+01   3.1935E-01    2.2088E-04   2.3754E-06    2.4848E+00   2.6723E-02   6.6467E+00   3.4048E-02   
5.0500E+01   3.2581E-01    2.1402E-04   2.2843E-06    2.4077E+00   2.5698E-02   6.5480E+00   3.2978E-02   
5.1500E+01   3.3226E-01    2.0622E-04   2.2127E-06    2.3199E+00   2.4892E-02   6.4349E+00   3.2221E-02   
5.2500E+01   3.3871E-01    1.9829E-04   2.1848E-06    2.2307E+00   2.4578E-02   6.3189E+00   3.2113E-02   
5.3500E+01   3.4516E-01    1.9025E-04   2.2035E-06    2.1403E+00   2.4789E-02   6.2002E+00   3.2715E-02   
5.4500E+01   3.5161E-01    1.8228E-04   2.2580E-06    2.0506E+00   2.5402E-02   6.0812E+00   3.3884E-02   
5.5500E+01   3.5806E-01    1.7359E-04   2.2962E-06    1.9528E+00   2.5832E-02   5.9500E+00   3.4890E-02   
5.6500E+01   3.6452E-01    1.6505E-04   2.3160E-06    1.8568E+00   2.6054E-02   5.8194E+00   3.5660E-02   
5.7500E+01   3.7097E-01    1.5619E-04   2.3282E-06    1.7571E+00   2.6192E-02   5.6820E+00   3.6385E-02   
5.8500E+01   3.7742E-01    1.4783E-04   2.2088E-06    1.6630E+00   2.4848E-02   5.5503E+00   3.5050E-02   
5.9500E+01   3.8387E-01    1.4054E-04   2.0642E-06    1.5810E+00   2.3222E-02   5.4338E+00   3.3231E-02   
6.0500E+01   3.9032E-01    1.3359E-04   1.9891E-06    1.5029E+00   2.2377E-02   5.3211E+00   3.2500E-02   
6.1500E+01   3.9677E-01    1.2762E-04   1.9740E-06    1.4357E+00   2.2207E-02   5.2229E+00   3.2697E-02   
6.2500E+01   4.0323E-01    1.2146E-04   1.9340E-06    1.3664E+00   2.1757E-02   5.1201E+00   3.2521E-02   
6.3500E+01   4.0968E-01    1.1478E-04   1.8638E-06    1.2912E+00   2.0967E-02   5.0068E+00   3.1900E-02   
6.4500E+01   4.1613E-01    1.0738E-04   1.8756E-06    1.2080E+00   2.1100E-02   4.8788E+00   3.2796E-02   
6.5500E+01   4.2258E-01    9.9348E-05   1.9170E-06    1.1176E+00   2.1566E-02   4.7366E+00   3.4394E-02   
6.6500E+01   4.2903E-01    9.1105E-05   1.9190E-06    1.0249E+00   2.1588E-02   4.5865E+00   3.5466E-02   
6.7500E+01   4.3548E-01    8.2482E-05   1.9138E-06    9.2790E-01   2.1530E-02   4.4244E+00   3.6639E-02   
6.8500E+01   4.4194E-01    7.3715E-05   2.0111E-06    8.2927E-01   2.2624E-02   4.2531E+00   4.0130E-02   
6.9500E+01   4.4839E-01    6.4732E-05   2.1853E-06    7.2822E-01   2.4584E-02   4.0695E+00   4.5840E-02   
7.0500E+01   4.5484E-01    5.5541E-05   2.4126E-06    6.2482E-01   2.7141E-02   3.8708E+00   5.3827E-02   
7.1500E+01   4.6129E-01    4.7222E-05   2.6090E-06    5.3123E-01   2.9351E-02   3.6790E+00   6.2338E-02   
7.2500E+01   4.6774E-01    4.0760E-05   2.7707E-06    4.5854E-01   3.1170E-02   3.5197E+00   7.0643E-02   
7.3500E+01   4.7419E-01    3.6862E-05   2.8869E-06    4.1469E-01   3.2477E-02   3.4182E+00   7.7058E-02   
7.4500E+01   4.8065E-01    3.5718E-05   3.0139E-06    4.0182E-01   3.3906E-02   3.3874E+00   8.1638E-02   
7.5500E+01   4.8710E-01    3.7802E-05   2.9907E-06    4.2526E-01   3.3645E-02   3.4431E+00   7.8914E-02   
7.6500E+01   4.9355E-01    4.1741E-05   2.8425E-06    4.6957E-01   3.1977E-02   3.5446E+00   7.1707E-02   
7.7500E+01   5.0000E-01    4.8122E-05   2.5771E-06    5.4136E-01   2.8992E-02   3.7004E+00   6.1076E-02   
7.8500E+01   5.0645E-01    5.6752E-05   2.2509E-06    6.3844E-01   2.5322E-02   3.8977E+00   4.9775E-02   
7.9500E+01   5.1290E-01    6.7203E-05   1.9903E-06    7.5601E-01   2.2390E-02   4.1209E+00   4.1143E-02   
8.0500E+01   5.1935E-01    7.9224E-05   1.9241E-06    8.9125E-01   2.1646E-02   4.3616E+00   3.7380E-02   
8.1500E+01   5.2581E-01    9.1561E-05   2.0640E-06    1.0300E+00   2.3219E-02   4.5949E+00   3.8080E-02   
8.2500E+01   5.3226E-01    1.0228E-04   2.3029E-06    1.1506E+00   2.5907E-02   4.7889E+00   4.0919E-02   
8.3500E+01   5.3871E-01    1.1103E-04   2.5654E-06    1.2491E+00   2.8860E-02   4.9423E+00   4.4377E-02   
8.4500E+01   5.4516E-01    1.1586E-04   2.7603E-06    1.3034E+00   3.1053E-02   5.0253E+00   4.7106E-02   
8.5500E+01   5.5161E-01    1.1687E-04   2.8737E-06    1.3148E+00   3.2328E-02   5.0425E+00   4.8908E-02   
8.6500E+01   5.5806E-01    1.1449E-04   2.8063E-06    1.2880E+00   3.1570E-02   5.0018E+00   4.8072E-02   
8.7500E+01   5.6452E-01    1.0946E-04   2.6915E-06    1.2314E+00   3.0279E-02   4.9151E+00   4.6773E-02   
8.8500E+01   5.7097E-01    1.0217E-04   2.4798E-06    1.1494E+00   2.7897E-02   4.7870E+00   4.4078E-02   
8.9500E+01   5.7742E-01    9.4295E-05   2.2440E-06    1.0608E+00   2.5244E-02   4.6451E+00   4.0982E-02   
9.0500E+01   5.8387E-01    8.5510E-05   2.0377E-06    9.6196E-01   2.2924E-02   4.4820E+00   3.8510E-02   
9.1500E+01   5.9032E-01    7.6891E-05   1.9649E-06    8.6500E-01   2.2105E-02   4.3160E+00   3.8596E-02   
9.2500E+01   5.9677E-01    6.7882E-05   1.9879E-06    7.6365E-01   2.2363E-02   4.1349E+00   4.0934E-02   
9.3500E+01   6.0323E-01    5.8974E-05   2.0350E-06    6.6344E-01   2.2893E-02   3.9465E+00   4.4302E-02   
9.4500E+01   6.0968E-01    5.0720E-05   2.1170E-06    5.7059E-01   2.3816E-02   3.7613E+00   4.9055E-02   
9.5500E+01   6.1613E-01    4.2971E-05   2.1173E-06    4.8341E-01   2.3819E-02   3.5754E+00   5.2713E-02   
9.6500E+01   6.2258E-01    3.6841E-05   2.0773E-06    4.1445E-01   2.3369E-02   3.4176E+00   5.5441E-02   
9.7500E+01   6.2903E-01    3.1928E-05   1.9936E-06    3.5918E-01   2.2427E-02   3.2822E+00   5.6897E-02   
9.8500E+01   6.3548E-01    2.8371E-05   1.9310E-06    3.1917E-01   2.1723E-02   3.1778E+00   5.8343E-02   
9.9500E+01   6.4194E-01    2.5815E-05   1.8982E-06    2.9041E-01   2.1354E-02   3.0989E+00   6.0091E-02   
1.0050E+02   6.4839E-01    2.3284E-05   1.8709E-06    2.6194E-01   2.1047E-02   3.0167E+00   6.2392E-02   
1.0150E+02   6.5484E-01    2.1754E-05   1.7733E-06    2.4473E-01   1.9949E-02   2.9649E+00   6.1231E-02   
1.0250E+02   6.6129E-01    2.0577E-05   1.6729E-06    2.3149E-01   1.8820E-02   2.9237E+00   5.9451E-02   
1.0350E+02   6.6774E-01    2.0561E-05   1.6241E-06    2.3131E-01   1.8271E-02   2.9231E+00   5.7737E-02   
1.0450E+02   6.7419E-01    2.1231E-05   1.6290E-06    2.3884E-01   1.8326E-02   2.9467E+00   5.6953E-02   
1.0550E+02   6.8065E-01    2.2263E-05   1.6285E-06    2.5045E-01   1.8320E-02   2.9823E+00   5.5556E-02   
1.0650E+02   6.8710E-01    2.3251E-05   1.5960E-06    2.6157E-01   1.7955E-02   3.0156E+00   5.3249E-02   
1.0750E+02   6.9355E-01    2.3971E-05   1.5435E-06    2.6967E-01   1.7364E-02   3.0395E+00   5.0704E-02   
1.0850E+02   7.0000E-01    2.4038E-05   1.5534E-06    2.7042E-01   1.7475E-02   3.0417E+00   5.0957E-02   
1.0950E+02   7.0645E-01    2.3653E-05   1.5435E-06    2.6609E-01   1.7364E-02   3.0290E+00   5.1048E-02   
1.1050E+02   7.1290E-01    2.2819E-05   1.5435E-06    2.5671E-01   1.7364E-02   3.0012E+00   5.1991E-02   
1.1150E+02   7.1935E-01    2.1568E-05   1.5675E-06    2.4263E-01   1.7634E-02   2.9585E+00   5.4354E-02   
1.1250E+02   7.2581E-01    2.0390E-05   1.5540E-06    2.2938E-01   1.7482E-02   2.9170E+00   5.5482E-02   
1.1350E+02   7.3226E-01    1.9018E-05   1.5463E-06    2.1395E-01   1.7395E-02   2.8672E+00   5.7268E-02   
1.1450E+02   7.3871E-01    1.7459E-05   1.5846E-06    1.9641E-01   1.7826E-02   2.8082E+00   6.1432E-02   
1.1550E+02   7.4516E-01    1.6575E-05   1.5948E-06    1.8646E-01   1.7941E-02   2.7735E+00   6.3590E-02   
1.1650E+02   7.5161E-01    1.5446E-05   1.6227E-06    1.7376E-01   1.8255E-02   2.7277E+00   6.7250E-02   
1.1750E+02   7.5806E-01    1.4691E-05   1.5812E-06    1.6527E-01   1.7788E-02   2.6960E+00   6.7364E-02   
1.1850E+02   7.6452E-01    1.3869E-05   1.5219E-06    1.5602E-01   1.7121E-02   2.6605E+00   6.6942E-02   
1.1950E+02   7.7097E-01    1.2809E-05   1.5100E-06    1.4410E-01   1.6987E-02   2.6130E+00   6.9460E-02   
1.2050E+02   7.7742E-01    1.1766E-05   1.5069E-06    1.3236E-01   1.6952E-02   2.5639E+00   7.2763E-02   
1.2150E+02   7.8387E-01    1.0882E-05   1.4827E-06    1.2242E-01   1.6680E-02   2.5204E+00   7.4898E-02   
1.2250E+02   7.9032E-01    1.0173E-05   1.4448E-06    1.1444E-01   1.6254E-02   2.4840E+00   7.5907E-02   
1.2350E+02   7.9677E-01    9.6696E-06   1.4039E-06    1.0878E-01   1.5793E-02   2.4573E+00   7.5986E-02   
1.2450E+02   8.0323E-01    9.0828E-06   1.4186E-06    1.0218E-01   1.5959E-02   2.4250E+00   7.9706E-02   
1.2550E+02   8.0968E-01    8.5495E-06   1.4447E-06    9.6179E-02   1.6252E-02   2.3947E+00   8.4196E-02   
1.2650E+02   8.1613E-01    8.3271E-06   1.4893E-06    9.3678E-02   1.6754E-02   2.3817E+00   8.8223E-02   
1.2750E+02   8.2258E-01    7.7524E-06   1.5188E-06    8.7212E-02   1.7086E-02   2.3471E+00   9.4018E-02   
1.2850E+02   8.2903E-01    6.8800E-06   1.5103E-06    7.7398E-02   1.6990E-02   2.2915E+00   1.0069E-01   
1.2950E+02   8.3548E-01    5.6890E-06   1.4781E-06    6.4000E-02   1.6628E-02   2.2081E+00   1.1122E-01   
1.3050E+02   8.4194E-01    4.3811E-06   1.4677E-06    4.9286E-02   1.6511E-02   2.1029E+00   1.3145E-01   
1.3150E+02   8.4839E-01    3.3586E-06   1.4836E-06    3.7783E-02   1.6690E-02   2.0055E+00   1.6079E-01   
1.3250E+02   8.5484E-01    2.6088E-06   1.5322E-06    2.9348E-02   1.7237E-02   1.9209E+00   2.0409E-01   
1.3350E+02   8.6129E-01    2.4103E-06   1.5464E-06    2.7115E-02   1.7397E-02   1.8959E+00   2.2160E-01   
1.3450E+02   8.6774E-01    2.6028E-06   1.5458E-06    2.9281E-02   1.7390E-02   1.9202E+00   2.0667E-01   
1.3550E+02   8.7419E-01    2.5587E-06   1.5331E-06    2.8785E-02   1.7247E-02   1.9147E+00   2.0772E-01   
1.3650E+02   8.8065E-01    2.5355E-06   1.5135E-06    2.8524E-02   1.7026E-02   1.9118E+00   2.0618E-01   
1.3750E+02   8.8710E-01    2.0639E-06   1.4772E-06    2.3218E-02   1.6618E-02   1.8486E+00   2.4347E-01   
1.3850E+02   8.9355E-01    1.6879E-06   1.4275E-06    1.8988E-02   1.6059E-02   1.7906E+00   2.9661E-01   
1.3950E+02   9.0000E-01    1.3797E-06   1.3838E-06    1.5521E-02   1.5567E-02   1.7361E+00   2.0354E-01   
1.4050E+02   9.0645E-01    1.1055E-06   1.3615E-06    1.2437E-02   1.5316E-02   1.6798E+00   2.2337E-01   
1.4150E+02   9.1290E-01    1.4507E-06   1.3641E-06    1.6320E-02   1.5346E-02   1.7493E+00   3.6102E-01   
1.4250E+02   9.1935E-01    1.5112E-06   1.3883E-06    1.7001E-02   1.5618E-02   1.7603E+00   3.4219E-01   
1.4350E+02   9.2581E-01    1.4257E-06   1.4136E-06    1.6039E-02   1.5903E-02   1.7447E+00   4.6861E-01   
1.4450E+02   9.3226E-01    9.2737E-07   1.4269E-06    1.0433E-02   1.6052E-02   1.6377E+00   2.5085E-01   
1.4550E+02   9.3871E-01    2.8995E-07   1.4200E-06    3.2619E-03   1.5975E-02   1.4046E+00   3.8962E-01   
1.4650E+02   9.4516E-01   -1.7205E-07   1.4349E-06   -1.9355E-03   1.6142E-02          NAN          NAN   
1.4750E+02   9.5161E-01   -1.1341E-07   1.4523E-06   -1.2758E-03   1.6338E-02          NAN          NAN   
1.4850E+02   9.5806E-01    3.0929E-07   1.4524E-06    3.4794E-03   1.6339E-02   1.4158E+00   3.8682E-01   
1.4950E+02   9.6452E-01    7.1009E-07   1.4543E-06    7.9883E-03   1.6360E-02   1.5776E+00   2.8520E-01   
1.5050E+02   9.7097E-01    5.9225E-07   1.4525E-06    6.6626E-03   1.6340E-02   1.5392E+00   3.0658E-01   
1.5150E+02   9.7742E-01   -2.0982E-07   1.4648E-06   -2.3604E-03   1.6479E-02          NAN          NAN   
1.5250E+02   9.8387E-01   -1.1478E-06   1.4590E-06   -1.2912E-02   1.6413E-02          NAN          NAN   
1.5350E+02   9.9032E-01   -2.3045E-06   1.4315E-06   -2.5925E-02   1.6104E-02          NAN          NAN   
1.5450E+02   9.9677E-01   -2.7377E-06   1.4082E-06   -3.0798E-02   1.5842E-02          NAN          NAN   
1.5550E+02   1.0032E+00   -2.7839E-06   1.3797E-06   -3.1318E-02   1.5521E-02          NAN          NAN   
1.5650E+02   1.0097E+00   -2.5833E-06   1.3627E-06   -2.9061E-02   1.5330E-02          NAN          NAN   
1.5750E+02   1.0161E+00   -2.1555E-06   1.3753E-06   -2.4249E-02   1.5472E-02          NAN          NAN   
1.5850E+02   1.0226E+00   -1.9881E-06   1.3924E-06   -2.2366E-02   1.5664E-02          NAN          NAN   
1.5950E+02   1.0290E+00   -2.3289E-06   1.4046E-06   -2.6199E-02   1.5801E-02          NAN          NAN   
1.6050E+02   1.0355E+00   -2.7373E-06   1.3749E-06   -3.0794E-02   1.5467E-02          NAN          NAN   
1.6150E+02   1.0419E+00   -3.1288E-06   1.3334E-06   -3.5198E-02   1.5000E-02          NAN          NAN   
1.6250E+02   1.0484E+00   -3.0993E-06   1.3113E-06   -3.4866E-02   1.4752E-02          NAN          NAN   
1.6350E+02   1.0548E+00   -3.0346E-06   1.3082E-06   -3.4138E-02   1.4717E-02          NAN          NAN   
1.6450E+02   1.0613E+00   -2.7365E-06   1.3211E-06   -3.0785E-02   1.4862E-02          NAN          NAN   
1.6550E+02   1.0677E+00   -2.3310E-06   1.3400E-06   -2.6223E-02   1.5075E-02          NAN          NAN   
1.6650E+02   1.0742E+00   -2.1320E-06   1.3300E-06   -2.3984E-02   1.4962E-02          NAN          NAN   
1.6750E+02   1.0806E+00   -1.9076E-06   1.3076E-06   -2.1460E-02   1.4710E-02          NAN          NAN   
1.6850E+02   1.0871E+00   -1.8239E-06   1.2699E-06   -2.0518E-02   1.4286E-02          NAN          NAN   
1.6950E+02   1.0935E+00   -1.8204E-06   1.2589E-06   -2.0479E-02   1.4162E-02          NAN          NAN   
1.7050E+02   1.1000E+00   -1.6779E-06   1.2803E-06   -1.8876E-02   1.4403E-02          NAN          NAN   
1.7150E+02   1.1065E+00   -1.2092E-06   1.3058E-06   -1.3603E-02   1.4690E-02          NAN          NAN   
1.7250E+02   1.1129E+00   -2.5571E-07   1.3075E-06   -2.8767E-03   1.4709E-02          NAN          NAN   
1.7350E+02   1.1194E+00    7.7916E-07   1.2885E-06    8.7653E-03   1.4495E-02   1.5980E+00   2.5111E-01   
1.7450E+02   1.1258E+00    1.7498E-06   1.2858E-06    1.9685E-02   1.4465E-02   1.8007E+00   2.4019E-01   
1.7550E+02   1.1323E+00    2.6579E-06   1.2937E-06    2.9901E-02   1.4554E-02   1.9269E+00   1.6546E-01   
1.7650E+02   1.1387E+00    2.9676E-06   1.3013E-06    3.3385E-02   1.4639E-02   1.9632E+00   1.5298E-01   
1.7750E+02   1.1452E+00    2.8455E-06   1.2785E-06    3.2011E-02   1.4383E-02   1.9492E+00   1.5491E-01   
1.7850E+02   1.1516E+00    2.4189E-06   1.2514E-06    2.7212E-02   1.4078E-02   1.8970E+00   1.7187E-01   
1.7950E+02   1.1581E+00    1.8435E-06   1.2320E-06    2.0739E-02   1.3860E-02   1.8156E+00   2.1469E-01   
1.8050E+02   1.1645E+00    1.6617E-06   1.1913E-06    1.8694E-02   1.3402E-02   1.7863E+00   2.2850E-01   
1.8150E+02   1.1710E+00    1.1970E-06   1.1810E-06    1.3466E-02   1.3286E-02   1.6996E+00   4.2742E-01   
1.8250E+02   1.1774E+00    1.0660E-06   1.1461E-06    1.1992E-02   1.2893E-02   1.6709E+00   1.9851E-01   
1.8350E+02   1.1839E+00    7.2638E-07   1.1182E-06    8.1716E-03   1.2579E-02   1.5825E+00   2.3321E-01   
1.8450E+02   1.1903E+00    3.3011E-07   1.1122E-06    3.7136E-03   1.2512E-02   1.4273E+00   3.2048E-01   
1.8550E+02   1.1968E+00    1.3836E-07   1.1486E-06    1.5565E-03   1.2921E-02   1.2880E+00   4.3003E-01   
1.8650E+02   1.2032E+00   -1.1951E-07   1.1889E-06   -1.3445E-03   1.3375E-02          NAN          NAN   
1.8750E+02   1.2097E+00   -1.4051E-07   1.2274E-06   -1.5807E-03   1.3808E-02          NAN          NAN   
1.8850E+02   1.2161E+00   -2.8260E-07   1.2339E-06   -3.1792E-03   1.3881E-02          NAN          NAN   
1.8950E+02   1.2226E+00   -2.7235E-07   1.2092E-06   -3.0639E-03   1.3603E-02          NAN          NAN   
1.9050E+02   1.2290E+00   -3.8796E-07   1.1921E-06   -4.3644E-03   1.3411E-02          NAN          NAN   
1.9150E+02   1.2355E+00   -2.7220E-07   1.1920E-06   -3.0622E-03   1.3410E-02          NAN          NAN   
1.9250E+02   1.2419E+00   -6.8772E-08   1.2034E-06   -7.7367E-04   1.3538E-02          NAN          NAN   
1.9350E+02   1.2484E+00    2.8188E-08   1.2213E-06    3.1711E-04   1.3739E-02   1.0927E+00   6.1768E-01   
1.9450E+02   1.2548E+00    3.4910E-07   1.2260E-06    3.9273E-03   1.3792E-02   1.4373E+00   3.3422E-01   
1.9550E+02   1.2613E+00    7.5447E-07   1.2048E-06    8.4876E-03   1.3554E-02   1.5909E+00   2.4236E-01   
1.9650E+02   1.2677E+00    1.0942E-06   1.1724E-06    1.2309E-02   1.3189E-02   1.6773E+00   1.9957E-01   
1.9750E+02   1.2742E+00    1.3765E-06   1.1383E-06    1.5485E-02   1.2806E-02   1.7354E+00   2.6880E-01   
1.9850E+02   1.2806E+00    1.4211E-06   1.1262E-06    1.5987E-02   1.2669E-02   1.7438E+00   2.5288E-01   
1.9950E+02   1.2871E+00    1.0640E-06   1.1431E-06    1.1970E-02   1.2860E-02   1.6704E+00   1.9828E-01   
2.0050E+02   1.2935E+00    6.8316E-07   1.1417E-06    7.6854E-03   1.2844E-02   1.5693E+00   2.4340E-01   
2.0150E+02   1.3000E+00    1.3939E-07   1.1286E-06    1.5681E-03   1.2696E-02   1.2890E+00   4.2515E-01   
2.0250E+02   1.3065E+00   -2.9919E-07   1.1061E-06   -3.3658E-03   1.2443E-02          NAN          NAN   
2.0350E+02   1.3129E+00   -5.5674E-07   1.0864E-06   -6.2632E-03   1.2222E-02          NAN          NAN   
2.0450E+02   1.3194E+00   -7.1180E-07   1.0752E-06   -8.0076E-03   1.2096E-02          NAN          NAN   
2.0550E+02   1.3258E+00   -7.1672E-07   1.0952E-06   -8.0629E-03   1.2321E-02          NAN          NAN   
2.0650E+02   1.3323E+00   -5.3401E-07   1.1230E-06   -6.0075E-03   1.2633E-02          NAN          NAN   
2.0750E+02   1.3387E+00   -1.5011E-07   1.1422E-06   -1.6887E-03   1.2849E-02          NAN          NAN   
2.0850E+02   1.3452E+00    5.2092E-09   1.1617E-06    5.8602E-05   1.3069E-02   9.4131E-01   7.5186E-01   
2.0950E+02   1.3516E+00    9.1224E-08   1.1647E-06    1.0262E-03   1.3103E-02   1.2304E+00   4.8133E-01   
2.1050E+02   1.3581E+00   -2.3548E-07   1.1463E-06   -2.6491E-03   1.2896E-02          NAN          NAN   
2.1150E+02   1.3645E+00   -8.5156E-07   1.1273E-06   -9.5798E-03   1.2682E-02          NAN          NAN   
2.1250E+02   1.3710E+00   -1.4787E-06   1.1298E-06   -1.6635E-02   1.2710E-02          NAN          NAN   
2.1350E+02   1.3774E+00   -2.0561E-06   1.1226E-06   -2.3131E-02   1.2629E-02          NAN          NAN   
2.1450E+02   1.3839E+00   -2.4339E-06   1.1247E-06   -2.7381E-02   1.2653E-02          NAN          NAN   
2.1550E+02   1.3903E+00   -2.4512E-06   1.1269E-06   -2.7575E-02   1.2677E-02          NAN          NAN   
2.1650E+02   1.3968E+00   -2.1926E-06   1.1314E-06   -2.4666E-02   1.2728E-02          NAN          NAN   
2.1750E+02   1.4032E+00   -1.7709E-06   1.1546E-06   -1.9922E-02   1.2989E-02          NAN          NAN   
2.1850E+02   1.4097E+00   -1.2845E-06   1.1639E-06   -1.4450E-02   1.3094E-02          NAN          NAN   
2.1950E+02   1.4161E+00   -8.4217E-07   1.1848E-06   -9.4742E-03   1.3329E-02          NAN          NAN   
2.2050E+02   1.4226E+00   -7.8766E-07   1.1704E-06   -8.8610E-03   1.3167E-02          NAN          NAN   
2.2150E+02   1.4290E+00   -3.3398E-07   1.1728E-06   -3.7572E-03   1.3194E-02          NAN          NAN   
2.2250E+02   1.4355E+00    3.1100E-07   1.1771E-06    3.4987E-03   1.3242E-02   1.4168E+00   3.3935E-01   
2.2350E+02   1.4419E+00    1.4640E-06   1.1668E-06    1.6470E-02   1.3126E-02   1.7518E+00   2.5737E-01   
2.2450E+02   1.4484E+00    2.4313E-06   1.1486E-06    2.7351E-02   1.2921E-02   1.8986E+00   1.5548E-01   
2.2550E+02   1.4548E+00    3.2448E-06   1.1170E-06    3.6503E-02   1.2566E-02   1.9936E+00   1.2177E-01   
2.2650E+02   1.4613E+00    3.6078E-06   1.1011E-06    4.0587E-02   1.2387E-02   2.0309E+00   1.1138E-01   
2.2750E+02   1.4677E+00    3.7570E-06   1.1259E-06    4.2265E-02   1.2666E-02   2.0455E+00   1.1085E-01   
2.2850E+02   1.4742E+00    3.3423E-06   1.1692E-06    3.7600E-02   1.3153E-02   2.0038E+00   1.2510E-01   
2.2950E+02   1.4806E+00    3.1503E-06   1.1904E-06    3.5440E-02   1.3392E-02   1.9834E+00   1.3302E-01   
2.3050E+02   1.4871E+00    2.7700E-06   1.1708E-06    3.1162E-02   1.3171E-02   1.9404E+00   1.4366E-01   
2.3150E+02   1.4935E+00    2.5380E-06   1.1274E-06    2.8552E-02   1.2683E-02   1.9121E+00   1.4734E-01   
2.3250E+02   1.5000E+00    2.0262E-06   1.0827E-06    2.2794E-02   1.2180E-02   1.8431E+00   1.6858E-01   
2.3350E+02   1.5065E+00    1.3707E-06   1.0514E-06    1.5420E-02   1.1828E-02   1.7343E+00   2.3799E-01   
2.3450E+02   1.5129E+00    6.1245E-07   1.0320E-06    6.8899E-03   1.1610E-02   1.5462E+00   2.3721E-01   
2.3550E+02   1.5194E+00   -1.8262E-07   1.0349E-06   -2.0544E-03   1.1642E-02          NAN          NAN   
2.3650E+02   1.5258E+00   -7.9164E-07   1.0347E-06   -8.9057E-03   1.1640E-02          NAN          NAN   
2.3750E+02   1.5323E+00   -1.0872E-06   1.0489E-06   -1.2231E-02   1.1800E-02          NAN          NAN   
2.3850E+02   1.5387E+00   -1.0460E-06   1.0755E-06   -1.1767E-02   1.2099E-02          NAN          NAN   
2.3950E+02   1.5452E+00   -7.8809E-07   1.0705E-06   -8.8658E-03   1.2043E-02          NAN          NAN   
2.4050E+02   1.5516E+00   -7.1600E-07   1.0454E-06   -8.0548E-03   1.1760E-02          NAN          NAN   
2.4150E+02   1.5581E+00   -6.2626E-07   1.0106E-06   -7.0452E-03   1.1369E-02          NAN          NAN   
2.4250E+02   1.5645E+00   -4.3093E-07   9.9511E-07   -4.8478E-03   1.1195E-02          NAN          NAN   
2.4350E+02   1.5710E+00   -2.5024E-07   9.7231E-07   -2.8151E-03   1.0938E-02          NAN          NAN   
2.4450E+02   1.5774E+00    1.1512E-07   9.6860E-07    1.2951E-03   1.0896E-02   1.2619E+00   4.1301E-01   
2.4550E+02   1.5839E+00    4.8729E-07   9.6976E-07    5.4819E-03   1.0910E-02   1.5000E+00   2.5053E-01   
2.4650E+02   1.5903E+00    9.3051E-07   1.0016E-06    1.0468E-02   1.1268E-02   1.6385E+00   1.9066E-01   
2.4750E+02   1.5968E+00    1.2539E-06   1.0387E-06    1.4106E-02   1.1685E-02   1.7113E+00   2.6259E-01   
2.4850E+02   1.6032E+00    1.3025E-06   1.0653E-06    1.4653E-02   1.1984E-02   1.7211E+00   2.5969E-01   
2.4950E+02   1.6097E+00    1.3321E-06   1.0785E-06    1.4986E-02   1.2133E-02   1.7269E+00   2.5697E-01   
2.5050E+02   1.6161E+00    9.7993E-07   1.0535E-06    1.1024E-02   1.1852E-02   1.6507E+00   1.9347E-01   
2.5150E+02   1.6226E+00    7.1604E-07   1.0325E-06    8.0552E-03   1.1615E-02   1.5794E+00   2.2111E-01   
2.5250E+02   1.6290E+00    6.1962E-07   1.0072E-06    6.9706E-03   1.1331E-02   1.5486E+00   2.3180E-01   
2.5350E+02   1.6355E+00    2.9836E-07   9.9336E-07    3.3565E-03   1.1175E-02   1.4096E+00   3.0937E-01   
2.5450E+02   1.6419E+00    1.2387E-07   9.9023E-07    1.3935E-03   1.1140E-02   1.2721E+00   4.0954E-01   
2.5550E+02   1.6484E+00   -2.8722E-08   9.8986E-07   -3.2311E-04   1.1136E-02          NAN          NAN   
2.5650E+02   1.6548E+00   -5.5102E-08   1.0017E-06   -6.1988E-04   1.1269E-02          NAN          NAN   
2.5750E+02   1.6613E+00   -4.3446E-08   1.0135E-06   -4.8876E-04   1.1402E-02          NAN          NAN   
2.5850E+02   1.6677E+00   -2.6773E-08   1.0138E-06   -3.0119E-04   1.1405E-02          NAN          NAN   
2.5950E+02   1.6742E+00    2.6093E-07   1.0058E-06    2.9354E-03   1.1315E-02   1.3867E+00   3.2720E-01   
2.6050E+02   1.6806E+00    5.7473E-07   1.0020E-06    6.4656E-03   1.1272E-02   1.5330E+00   2.3877E-01   
2.6150E+02   1.6871E+00    1.0136E-06   1.0122E-06    1.1403E-02   1.1387E-02   1.6587E+00   4.9667E-01   
2.6250E+02   1.6935E+00    1.4119E-06   1.0092E-06    1.5883E-02   1.1353E-02   1.7421E+00   2.1689E-01   
2.6350E+02   1.7000E+00    1.6611E-06   1.0057E-06    1.8687E-02   1.1314E-02   1.7862E+00   1.8380E-01   
2.6450E+02   1.7065E+00    1.7965E-06   1.0024E-06    2.0210E-02   1.1277E-02   1.8082E+00   1.7077E-01   
2.6550E+02   1.7129E+00    1.9388E-06   1.0005E-06    2.1811E-02   1.1255E-02   1.8301E+00   1.5977E-01   
2.6650E+02   1.7194E+00    2.2906E-06   9.9850E-07    2.5769E-02   1.1233E-02   1.8801E+00   1.3962E-01   
2.6750E+02   1.7258E+00    2.4263E-06   9.8695E-07    2.7295E-02   1.1103E-02   1.8979E+00   1.3198E-01   
2.6850E+02   1.7323E+00    2.1934E-06   9.8494E-07    2.4675E-02   1.1080E-02   1.8668E+00   1.4224E-01   
2.6950E+02   1.7387E+00    1.9752E-06   1.0015E-06    2.2220E-02   1.1267E-02   1.8356E+00   1.5753E-01   
2.7050E+02   1.7452E+00    1.6818E-06   1.0184E-06    1.8920E-02   1.1457E-02   1.7896E+00   1.8453E-01   
2.7150E+02   1.7516E+00    1.3642E-06   1.0129E-06    1.5347E-02   1.1395E-02   1.7331E+00   2.2655E-01   
2.7250E+02   1.7581E+00    1.3373E-06   9.9467E-07    1.5044E-02   1.1190E-02   1.7279E+00   2.2582E-01   
2.7350E+02   1.7645E+00    1.5004E-06   9.8765E-07    1.6879E-02   1.1111E-02   1.7583E+00   1.9791E-01   
2.7450E+02   1.7710E+00    1.5921E-06   9.9284E-07    1.7911E-02   1.1169E-02   1.7745E+00   1.8817E-01   
2.7550E+02   1.7774E+00    1.5665E-06   1.0132E-06    1.7623E-02   1.1398E-02   1.7700E+00   1.9602E-01   
2.7650E+02   1.7839E+00    1.2407E-06   1.0232E-06    1.3958E-02   1.1511E-02   1.7086E+00   2.5980E-01   
2.7750E+02   1.7903E+00    1.1182E-06   1.0194E-06    1.2579E-02   1.1468E-02   1.6826E+00   3.0901E-01   
2.7850E+02   1.7968E+00    1.0067E-06   1.0249E-06    1.1325E-02   1.1530E-02   1.6571E+00   1.8679E-01   
2.7950E+02   1.8032E+00    8.1638E-07   1.0174E-06    9.1840E-03   1.1445E-02   1.6084E+00   2.0562E-01   
2.8050E+02   1.8097E+00    4.9263E-07   1.0082E-06    5.5419E-03   1.1342E-02   1.5021E+00   2.5632E-01   
2.8150E+02   1.8161E+00   -3.3325E-07   9.9060E-07   -3.7490E-03   1.1144E-02          NAN          NAN   
2.8250E+02   1.8226E+00   -1.2090E-06   9.6620E-07   -1.3601E-02   1.0869E-02          NAN          NAN   
2.8350E+02   1.8290E+00   -1.9713E-06   9.5038E-07   -2.2177E-02   1.0692E-02          NAN          NAN   
2.8450E+02   1.8355E+00   -2.6479E-06   9.4649E-07   -2.9788E-02   1.0648E-02          NAN          NAN   
2.8550E+02   1.8419E+00   -2.7543E-06   9.3922E-07   -3.0985E-02   1.0566E-02          NAN          NAN   
2.8650E+02   1.8484E+00   -2.7729E-06   9.3407E-07   -3.1194E-02   1.0508E-02          NAN          NAN   
2.8750E+02   1.8548E+00   -2.3992E-06   9.4089E-07   -2.6990E-02   1.0585E-02          NAN          NAN   
2.8850E+02   1.8613E+00   -2.0039E-06   9.7099E-07   -2.2543E-02   1.0923E-02          NAN          NAN   
2.8950E+02   1.8677E+00   -1.8256E-06   9.9860E-07   -2.0537E-02   1.1234E-02          NAN          NAN   
2.9050E+02   1.8742E+00   -1.4901E-06   1.0333E-06   -1.6763E-02   1.1624E-02          NAN          NAN   
2.9150E+02   1.8806E+00   -1.2134E-06   1.0515E-06   -1.3650E-02   1.1829E-02          NAN          NAN   
2.9250E+02   1.8871E+00   -9.3168E-07   1.0564E-06   -1.0481E-02   1.1884E-02          NAN          NAN   
2.9350E+02   1.8935E+00   -5.5207E-07   1.0485E-06   -6.2106E-03   1.1795E-02          NAN          NAN   
2.9450E+02   1.9000E+00   -3.6832E-07   1.0291E-06   -4.1435E-03   1.1577E-02          NAN          NAN   
2.9550E+02   1.9065E+00   -1.8475E-07   1.0242E-06   -2.0784E-03   1.1522E-02          NAN          NAN   
2.9650E+02   1.9129E+00   -1.7403E-08   1.0040E-06   -1.9578E-04   1.1295E-02          NAN          NAN   
2.9750E+02   1.9194E+00   -6.8545E-08   9.8494E-07   -7.7111E-04   1.1080E-02          NAN          NAN   
2.9850E+02   1.9258E+00   -1.5148E-07   9.7055E-07   -1.7041E-03   1.0918E-02          NAN          NAN   
2.9950E+02   1.9323E+00   -2.3921E-07   9.5854E-07   -2.6910E-03   1.0783E-02          NAN          NAN   
